TITLE	
DATA TYPE	
ORIGIN	JASCO
OWNER	
DATE	21/10/29
TIME	13:21:08
SPECTROMETER/DATA SYSTEM	
RESOLUTION	
DELTAX	1
XUNITS	SEC
YUNITS	INTENSITY
FIRSTX	0.0000
LASTX	4165.0000
NPOINTS	4166
FIRSTY	404.67807
MAXY	409.02658
MINY	-338.30975
XYDATA
0.0000	404.678
1.0000	404.965
2.0000	402.165
3.0000	398.844
4.0000	398.861
5.0000	399.381
6.0000	400.846
7.0000	402.894
8.0000	403.011
9.0000	402.153
10.0000	401.868
11.0000	401.179
12.0000	403.61
13.0000	409.027
14.0000	402.506
15.0000	400.556
16.0000	404.824
17.0000	401.521
18.0000	403.556
19.0000	402.811
20.0000	400.721
21.0000	398.238
22.0000	402.14
23.0000	404.445
24.0000	401.17
25.0000	402.258
26.0000	401.716
27.0000	402.561
28.0000	398.389
29.0000	396.969
30.0000	400.526
31.0000	399.976
32.0000	402.558
33.0000	404.007
34.0000	403.181
35.0000	402.779
36.0000	403.088
37.0000	406.194
38.0000	403.983
39.0000	403.898
40.0000	402.953
41.0000	399.339
42.0000	397.596
43.0000	394.568
44.0000	397.066
45.0000	399.745
46.0000	397.626
47.0000	396.041
48.0000	399.53
49.0000	402.77
50.0000	399.706
51.0000	389.086
52.0000	331.391
53.0000	-338.31
54.0000	-224.367
55.0000	-207.047
56.0000	-201.389
57.0000	209.802
58.0000	192.614
59.0000	157.703
60.0000	154.807
61.0000	154.857
62.0000	156.902
63.0000	157.138
64.0000	158.325
65.0000	161.258
66.0000	161.402
67.0000	161.516
68.0000	162.282
69.0000	161.423
70.0000	163.545
71.0000	166.368
72.0000	166.748
73.0000	164.847
74.0000	163.581
75.0000	162.414
76.0000	162.899
77.0000	166.293
78.0000	167.739
79.0000	167.812
80.0000	166.715
81.0000	166.386
82.0000	165.179
83.0000	165.426
84.0000	169.304
85.0000	171.007
86.0000	171.331
87.0000	171.049
88.0000	171.402
89.0000	171.633
90.0000	171.628
91.0000	174.728
92.0000	174.401
93.0000	174.612
94.0000	175.44
95.0000	172.6
96.0000	174.391
97.0000	178.414
98.0000	176.835
99.0000	175.807
100.0000	177.81
101.0000	176.293
102.0000	174.937
103.0000	177.228
104.0000	178.058
105.0000	179.023
106.0000	180.255
107.0000	181.215
108.0000	182.722
109.0000	181.473
110.0000	180.464
111.0000	181.931
112.0000	184.117
113.0000	181.888
114.0000	182.143
115.0000	183.711
116.0000	184.649
117.0000	184.961
118.0000	184.348
119.0000	186.049
120.0000	186.012
121.0000	185.746
122.0000	185.153
123.0000	186.569
124.0000	187.909
125.0000	188.496
126.0000	188.59
127.0000	189.065
128.0000	189.966
129.0000	189.848
130.0000	191.589
131.0000	191.177
132.0000	192.861
133.0000	195.843
134.0000	195.198
135.0000	193.386
136.0000	193.155
137.0000	194.83
138.0000	193.19
139.0000	194.141
140.0000	194.177
141.0000	195.723
142.0000	198.316
143.0000	196.86
144.0000	196.324
145.0000	195.993
146.0000	197.543
147.0000	198.624
148.0000	198.479
149.0000	198.065
150.0000	199.908
151.0000	200.581
152.0000	201.893
153.0000	203.227
154.0000	202.476
155.0000	199.937
156.0000	196.885
157.0000	198.488
158.0000	202.456
159.0000	205.66
160.0000	205.928
161.0000	203.239
162.0000	202.766
163.0000	205.367
164.0000	206.274
165.0000	206.433
166.0000	206.898
167.0000	208.928
168.0000	210.186
169.0000	211.274
170.0000	208.704
171.0000	204.868
172.0000	206.506
173.0000	211.281
174.0000	213.132
175.0000	210.632
176.0000	209.039
177.0000	211.881
178.0000	214.881
179.0000	214.993
180.0000	215.089
181.0000	214.357
182.0000	214.472
183.0000	216.83
184.0000	218.947
185.0000	218.168
186.0000	216.263
187.0000	216.351
188.0000	216.874
189.0000	215.892
190.0000	215.61
191.0000	217.395
192.0000	220.388
193.0000	220.656
194.0000	219.861
195.0000	218.737
196.0000	219.566
197.0000	222.811
198.0000	223.85
199.0000	221.561
200.0000	221.637
201.0000	222.225
202.0000	222.513
203.0000	224.188
204.0000	225.414
205.0000	226.48
206.0000	227.61
207.0000	227.965
208.0000	226.762
209.0000	227.951
210.0000	227.243
211.0000	226.468
212.0000	225.832
213.0000	223.832
214.0000	224.899
215.0000	228.957
216.0000	229.26
217.0000	227.617
218.0000	228.527
219.0000	226.283
220.0000	224.898
221.0000	228.097
222.0000	230.689
223.0000	230.651
224.0000	229.391
225.0000	229.428
226.0000	228.851
227.0000	230.078
228.0000	233.778
229.0000	232.432
230.0000	232.512
231.0000	234.701
232.0000	234.661
233.0000	233.242
234.0000	232.221
235.0000	234.067
236.0000	236.28
237.0000	237.29
238.0000	237.36
239.0000	237.292
240.0000	234.586
241.0000	234.798
242.0000	238.165
243.0000	238.473
244.0000	239.096
245.0000	240.426
246.0000	239.766
247.0000	239.814
248.0000	241.545
249.0000	239.944
250.0000	239.866
251.0000	241.8
252.0000	241.583
253.0000	243.544
254.0000	243.666
255.0000	242.393
256.0000	241.378
257.0000	240.492
258.0000	240.905
259.0000	244.703
260.0000	247.486
261.0000	246.161
262.0000	247.073
263.0000	246.39
264.0000	246.365
265.0000	246.295
266.0000	245.362
267.0000	247.829
268.0000	246.424
269.0000	243.907
270.0000	245.431
271.0000	247.788
272.0000	248.935
273.0000	249.271
274.0000	251.51
275.0000	248.921
276.0000	249.07
277.0000	253.183
278.0000	250.519
279.0000	247.395
280.0000	250.611
281.0000	251.87
282.0000	250.571
283.0000	249.433
284.0000	248.648
285.0000	251.161
286.0000	252.295
287.0000	253.975
288.0000	255.275
289.0000	254.114
290.0000	252.712
291.0000	253.79
292.0000	254.732
293.0000	254.702
294.0000	257.905
295.0000	257.167
296.0000	255.004
297.0000	256.063
298.0000	256.211
299.0000	257.842
300.0000	258.714
301.0000	257.386
302.0000	255.774
303.0000	257.392
304.0000	257.745
305.0000	257.082
306.0000	259.352
307.0000	262.909
308.0000	264.693
309.0000	260.831
310.0000	258.247
311.0000	258.734
312.0000	263.623
313.0000	264.919
314.0000	260.139
315.0000	262.913
316.0000	266.796
317.0000	263.518
318.0000	262.201
319.0000	266.79
320.0000	268.405
321.0000	266.355
322.0000	265.956
323.0000	265.374
324.0000	264.673
325.0000	265.566
326.0000	266.042
327.0000	268.933
328.0000	272.14
329.0000	269.973
330.0000	268.791
331.0000	268.861
332.0000	267.44
333.0000	265.498
334.0000	269.637
335.0000	271.638
336.0000	270.259
337.0000	273.616
338.0000	271.93
339.0000	268.464
340.0000	269.527
341.0000	271.128
342.0000	270.354
343.0000	270.997
344.0000	271.752
345.0000	271.279
346.0000	271.507
347.0000	272.344
348.0000	273.035
349.0000	274.276
350.0000	276.138
351.0000	275.225
352.0000	273.669
353.0000	270.586
354.0000	269.407
355.0000	273.563
356.0000	276.416
357.0000	275.865
358.0000	275.245
359.0000	274.362
360.0000	274.419
361.0000	274.589
362.0000	273.119
363.0000	277.178
364.0000	278.667
365.0000	275.092
366.0000	274.89
367.0000	278.614
368.0000	279.422
369.0000	277.783
370.0000	276.532
371.0000	276.952
372.0000	277.723
373.0000	277.632
374.0000	282.226
375.0000	285.151
376.0000	284.801
377.0000	281.727
378.0000	279.766
379.0000	280.464
380.0000	283.347
381.0000	281.673
382.0000	278.513
383.0000	280.037
384.0000	282.488
385.0000	282.612
386.0000	279.316
387.0000	279.79
388.0000	284.828
389.0000	286.088
390.0000	284.039
391.0000	285.254
392.0000	285.695
393.0000	285.438
394.0000	284.059
395.0000	281.661
396.0000	283.89
397.0000	288.185
398.0000	286.816
399.0000	288.048
400.0000	289.276
401.0000	286.376
402.0000	287.567
403.0000	287.838
404.0000	285.923
405.0000	286.644
406.0000	288.804
407.0000	288.393
408.0000	288.429
409.0000	287.855
410.0000	288.686
411.0000	291.267
412.0000	290.075
413.0000	289.975
414.0000	290.37
415.0000	288.227
416.0000	290.48
417.0000	292.797
418.0000	289.671
419.0000	290.224
420.0000	290.822
421.0000	292.906
422.0000	292.717
423.0000	289.777
424.0000	290.107
425.0000	290.114
426.0000	293.536
427.0000	296.926
428.0000	297.966
429.0000	294.062
430.0000	290.027
431.0000	290.5
432.0000	291.787
433.0000	294.162
434.0000	296.727
435.0000	294.315
436.0000	293.672
437.0000	296.886
438.0000	295.608
439.0000	296.812
440.0000	297.809
441.0000	298.653
442.0000	299.101
443.0000	298.277
444.0000	297.998
445.0000	295.307
446.0000	296.716
447.0000	298.481
448.0000	296.261
449.0000	296.321
450.0000	296.334
451.0000	297.087
452.0000	298.07
453.0000	297.454
454.0000	300.393
455.0000	299.547
456.0000	298.942
457.0000	298.669
458.0000	296.925
459.0000	299.947
460.0000	301.432
461.0000	301.146
462.0000	300.67
463.0000	299.447
464.0000	298.24
465.0000	300.973
466.0000	304.589
467.0000	303.908
468.0000	301.357
469.0000	302.789
470.0000	306.493
471.0000	304.688
472.0000	303.346
473.0000	305.262
474.0000	302.356
475.0000	299.645
476.0000	301.907
477.0000	301.046
478.0000	299.783
479.0000	304.98
480.0000	303.462
481.0000	301.071
482.0000	305.199
483.0000	308.396
484.0000	306.998
485.0000	304.43
486.0000	303.218
487.0000	305.734
488.0000	306.448
489.0000	301.809
490.0000	302.76
491.0000	306.459
492.0000	305.613
493.0000	307.209
494.0000	310.587
495.0000	308.11
496.0000	305.739
497.0000	304.002
498.0000	305.65
499.0000	305.675
500.0000	304.144
501.0000	307.089
502.0000	309.618
503.0000	308.488
504.0000	312.244
505.0000	315.566
506.0000	308.644
507.0000	303.67
508.0000	304.608
509.0000	308.715
510.0000	310.707
511.0000	311.218
512.0000	313.822
513.0000	311.129
514.0000	309.818
515.0000	312.14
516.0000	312.276
517.0000	311.269
518.0000	308.671
519.0000	308.839
520.0000	307.566
521.0000	307.188
522.0000	309.477
523.0000	311.636
524.0000	313.968
525.0000	315.703
526.0000	314.443
527.0000	311.268
528.0000	311.87
529.0000	313.467
530.0000	310.561
531.0000	307.393
532.0000	310.424
533.0000	312.514
534.0000	312.575
535.0000	312.109
536.0000	310.805
537.0000	310.884
538.0000	311.796
539.0000	312.663
540.0000	313.513
541.0000	315.827
542.0000	316.131
543.0000	314.469
544.0000	315.877
545.0000	317.882
546.0000	319.679
547.0000	317.479
548.0000	317.051
549.0000	320.03
550.0000	317.81
551.0000	316.805
552.0000	319.5
553.0000	318.635
554.0000	317.306
555.0000	319.043
556.0000	316.826
557.0000	314.801
558.0000	315.455
559.0000	317.314
560.0000	319.556
561.0000	318.029
562.0000	316.829
563.0000	317.862
564.0000	318.037
565.0000	319.356
566.0000	321.451
567.0000	320.076
568.0000	318.273
569.0000	315.964
570.0000	319.083
571.0000	320.503
572.0000	316.676
573.0000	318.706
574.0000	321.398
575.0000	321.515
576.0000	318.789
577.0000	316.852
578.0000	318.499
579.0000	319.564
580.0000	322.271
581.0000	322.395
582.0000	319.071
583.0000	321.163
584.0000	321.09
585.0000	318.5
586.0000	319.808
587.0000	324.086
588.0000	326.693
589.0000	323.141
590.0000	319.554
591.0000	320.606
592.0000	319.923
593.0000	320.594
594.0000	323.815
595.0000	325.543
596.0000	323.224
597.0000	320.244
598.0000	324.068
599.0000	328.553
600.0000	327.189
601.0000	322.342
602.0000	321.747
603.0000	324.194
604.0000	325.487
605.0000	327.039
606.0000	325.834
607.0000	322.818
608.0000	322.462
609.0000	322.385
610.0000	326.464
611.0000	328.403
612.0000	325.91
613.0000	325.241
614.0000	326.186
615.0000	328.673
616.0000	325.922
617.0000	323.347
618.0000	325.598
619.0000	323.582
620.0000	323.705
621.0000	328.302
622.0000	328.841
623.0000	328.568
624.0000	328.216
625.0000	327.132
626.0000	328.106
627.0000	328.5
628.0000	327.424
629.0000	326.612
630.0000	326.496
631.0000	329.085
632.0000	330.005
633.0000	328.467
634.0000	328.923
635.0000	329.239
636.0000	329.862
637.0000	330.815
638.0000	328.31
639.0000	328.407
640.0000	330.919
641.0000	331.708
642.0000	330.93
643.0000	330.796
644.0000	330.083
645.0000	329.08
646.0000	328.564
647.0000	328.203
648.0000	329.581
649.0000	327.945
650.0000	329.453
651.0000	333.549
652.0000	332.192
653.0000	328.917
654.0000	330.527
655.0000	333.943
656.0000	332.495
657.0000	329.823
658.0000	330.122
659.0000	331.635
660.0000	333.888
661.0000	333.656
662.0000	330.784
663.0000	331.12
664.0000	331.95
665.0000	330.907
666.0000	332.733
667.0000	333.659
668.0000	332.606
669.0000	333.647
670.0000	332.985
671.0000	331.014
672.0000	334.291
673.0000	337.456
674.0000	337.298
675.0000	334.193
676.0000	332.868
677.0000	334.582
678.0000	334.869
679.0000	336.309
680.0000	335.071
681.0000	334.876
682.0000	335.922
683.0000	333.733
684.0000	332.317
685.0000	332.68
686.0000	332.423
687.0000	334.107
688.0000	338.775
689.0000	340.288
690.0000	337.293
691.0000	337.257
692.0000	342.074
693.0000	341.464
694.0000	336.211
695.0000	335.626
696.0000	335.234
697.0000	337.309
698.0000	337.454
699.0000	337.745
700.0000	340.011
701.0000	338.267
702.0000	337.998
703.0000	340.964
704.0000	341.256
705.0000	337.77
706.0000	339.252
707.0000	337.504
708.0000	334.883
709.0000	335.524
710.0000	333.422
711.0000	335.948
712.0000	341.65
713.0000	340.61
714.0000	338.148
715.0000	338.61
716.0000	339.022
717.0000	338.288
718.0000	338.625
719.0000	338.923
720.0000	339.258
721.0000	340.005
722.0000	337.59
723.0000	339.469
724.0000	342.107
725.0000	338.583
726.0000	340.023
727.0000	341.768
728.0000	336.976
729.0000	336.497
730.0000	339.427
731.0000	339.662
732.0000	339.439
733.0000	340.388
734.0000	340.347
735.0000	340.127
736.0000	336.849
737.0000	339.656
738.0000	343.169
739.0000	340.787
740.0000	337.961
741.0000	339.039
742.0000	342.993
743.0000	342.558
744.0000	343.674
745.0000	344.172
746.0000	345.03
747.0000	342.615
748.0000	341.33
749.0000	343.232
750.0000	342.544
751.0000	344.005
752.0000	341.71
753.0000	340.168
754.0000	342.906
755.0000	343.825
756.0000	343.262
757.0000	341.73
758.0000	339.807
759.0000	340.328
760.0000	343.637
761.0000	344.066
762.0000	344.04
763.0000	345.562
764.0000	344.387
765.0000	344.147
766.0000	345.355
767.0000	347.067
768.0000	347.424
769.0000	344.469
770.0000	344.093
771.0000	346.037
772.0000	346.307
773.0000	347.994
774.0000	345.11
775.0000	341.238
776.0000	344.294
777.0000	344.899
778.0000	343.8
779.0000	346.431
780.0000	347.261
781.0000	344.225
782.0000	345.26
783.0000	347.695
784.0000	346.328
785.0000	345.071
786.0000	346.999
787.0000	345.667
788.0000	341.581
789.0000	345.167
790.0000	350.789
791.0000	349.597
792.0000	347.571
793.0000	348.384
794.0000	347.701
795.0000	343.027
796.0000	341.783
797.0000	344.771
798.0000	346.477
799.0000	347.869
800.0000	347.811
801.0000	347.03
802.0000	347.333
803.0000	347.471
804.0000	347.119
805.0000	348.774
806.0000	347.91
807.0000	346.233
808.0000	346.679
809.0000	347.633
810.0000	347.143
811.0000	346.068
812.0000	348.834
813.0000	347.201
814.0000	347.004
815.0000	349.161
816.0000	349.713
817.0000	348.628
818.0000	349.46
819.0000	351.765
820.0000	347.391
821.0000	346.702
822.0000	347.518
823.0000	349.566
824.0000	350.573
825.0000	346.643
826.0000	345.943
827.0000	350.058
828.0000	350.2
829.0000	347.692
830.0000	350.516
831.0000	351.746
832.0000	350.499
833.0000	350.897
834.0000	349.282
835.0000	346.987
836.0000	349.994
837.0000	348.581
838.0000	348.565
839.0000	350.71
840.0000	351.411
841.0000	351.52
842.0000	348.687
843.0000	349.774
844.0000	350.936
845.0000	351.76
846.0000	350.101
847.0000	351.77
848.0000	353.642
849.0000	350.928
850.0000	351.262
851.0000	351.097
852.0000	351.703
853.0000	349.951
854.0000	347.988
855.0000	349.912
856.0000	346.357
857.0000	346.113
858.0000	349.924
859.0000	352.298
860.0000	355.474
861.0000	349.106
862.0000	343.73
863.0000	349.138
864.0000	351.095
865.0000	348.579
866.0000	344.946
867.0000	344.847
868.0000	349.585
869.0000	351.03
870.0000	341.749
871.0000	334.359
872.0000	333.939
873.0000	334.415
874.0000	334.822
875.0000	334.503
876.0000	333.554
877.0000	335.097
878.0000	335.901
879.0000	335.636
880.0000	336.598
881.0000	337.43
882.0000	340.004
883.0000	345.108
884.0000	350.771
885.0000	349.396
886.0000	349.627
887.0000	351.444
888.0000	352.427
889.0000	353.694
890.0000	352.965
891.0000	351.961
892.0000	353.806
893.0000	357.147
894.0000	356.04
895.0000	355.362
896.0000	354.744
897.0000	354.522
898.0000	357.389
899.0000	354.394
900.0000	351.103
901.0000	354.587
902.0000	354.666
903.0000	352.991
904.0000	353.139
905.0000	352.176
906.0000	351.549
907.0000	350.338
908.0000	352.446
909.0000	353.903
910.0000	353.823
911.0000	355.823
912.0000	356.198
913.0000	354.917
914.0000	353.287
915.0000	353.945
916.0000	356.137
917.0000	354.319
918.0000	356.848
919.0000	358.851
920.0000	353.459
921.0000	350.334
922.0000	351.93
923.0000	355.356
924.0000	355.875
925.0000	354.53
926.0000	352.48
927.0000	351.576
928.0000	353.529
929.0000	355.22
930.0000	354.22
931.0000	351.99
932.0000	352.938
933.0000	357.582
934.0000	357.794
935.0000	355.746
936.0000	354.551
937.0000	356.378
938.0000	357.126
939.0000	352.359
940.0000	352.152
941.0000	353.961
942.0000	359.082
943.0000	359.1
944.0000	353.814
945.0000	357.977
946.0000	359.28
947.0000	357.553
948.0000	356.468
949.0000	352.407
950.0000	351.378
951.0000	352.245
952.0000	355.687
953.0000	356.865
954.0000	353.469
955.0000	355.477
956.0000	357.64
957.0000	355.699
958.0000	354.426
959.0000	355.165
960.0000	355.849
961.0000	356.713
962.0000	356.495
963.0000	358.169
964.0000	361.941
965.0000	362.025
966.0000	356.078
967.0000	354.913
968.0000	358.7
969.0000	358.261
970.0000	359.3
971.0000	361.295
972.0000	363.188
973.0000	360.014
974.0000	357.775
975.0000	356.582
976.0000	355.125
977.0000	357.902
978.0000	359.188
979.0000	360.05
980.0000	360.251
981.0000	356.043
982.0000	355.494
983.0000	358.213
984.0000	355.893
985.0000	354.753
986.0000	356.13
987.0000	357.681
988.0000	358.19
989.0000	357.827
990.0000	359.22
991.0000	358.114
992.0000	357.553
993.0000	358.086
994.0000	355.002
995.0000	355.176
996.0000	357.564
997.0000	359.274
998.0000	359.294
999.0000	361.372
1000.0000	361.525
1001.0000	359.2
1002.0000	360.191
1003.0000	360.163
1004.0000	357.972
1005.0000	356.519
1006.0000	360.45
1007.0000	363.073
1008.0000	362.028
1009.0000	359.391
1010.0000	361.785
1011.0000	364.622
1012.0000	363.814
1013.0000	362.474
1014.0000	359.055
1015.0000	356.776
1016.0000	356.649
1017.0000	358.416
1018.0000	358.837
1019.0000	358.798
1020.0000	359.114
1021.0000	360.2
1022.0000	361.103
1023.0000	360.687
1024.0000	358.059
1025.0000	359.109
1026.0000	360.515
1027.0000	358.489
1028.0000	359.975
1029.0000	360.387
1030.0000	360.041
1031.0000	359.354
1032.0000	360.36
1033.0000	364.442
1034.0000	366.13
1035.0000	364.747
1036.0000	360.82
1037.0000	362.467
1038.0000	364.892
1039.0000	362.848
1040.0000	362.009
1041.0000	359.985
1042.0000	360.694
1043.0000	363.029
1044.0000	359.616
1045.0000	359.499
1046.0000	365.805
1047.0000	365.882
1048.0000	363.926
1049.0000	363.007
1050.0000	360.544
1051.0000	360.256
1052.0000	362.755
1053.0000	364.841
1054.0000	365.648
1055.0000	365.045
1056.0000	360.803
1057.0000	361.51
1058.0000	362.825
1059.0000	357.375
1060.0000	358.53
1061.0000	361.756
1062.0000	361.659
1063.0000	361.337
1064.0000	359.01
1065.0000	359.921
1066.0000	361.582
1067.0000	360.996
1068.0000	361.009
1069.0000	361.584
1070.0000	362.052
1071.0000	363.914
1072.0000	365.921
1073.0000	364.893
1074.0000	363.687
1075.0000	363.575
1076.0000	364.345
1077.0000	363.103
1078.0000	357.72
1079.0000	359.112
1080.0000	362.957
1081.0000	361.479
1082.0000	363.376
1083.0000	365.96
1084.0000	365.045
1085.0000	364.26
1086.0000	362.168
1087.0000	361.195
1088.0000	363.946
1089.0000	366.411
1090.0000	367.017
1091.0000	370.101
1092.0000	369.243
1093.0000	366.239
1094.0000	365.171
1095.0000	363.496
1096.0000	362.299
1097.0000	363.085
1098.0000	366.799
1099.0000	367.529
1100.0000	365.023
1101.0000	361.053
1102.0000	363.175
1103.0000	366.438
1104.0000	365.709
1105.0000	365.947
1106.0000	366.052
1107.0000	365.59
1108.0000	366.852
1109.0000	366.373
1110.0000	368.071
1111.0000	369.2
1112.0000	364.727
1113.0000	365.739
1114.0000	367.621
1115.0000	366.108
1116.0000	365.952
1117.0000	362.836
1118.0000	360.622
1119.0000	360.458
1120.0000	360.915
1121.0000	363.684
1122.0000	366.92
1123.0000	365.757
1124.0000	365.022
1125.0000	368.115
1126.0000	366.071
1127.0000	363.535
1128.0000	364.548
1129.0000	367.464
1130.0000	366.772
1131.0000	364.44
1132.0000	366.634
1133.0000	367.656
1134.0000	366.941
1135.0000	365.854
1136.0000	361.939
1137.0000	367.11
1138.0000	369.09
1139.0000	362.904
1140.0000	365.763
1141.0000	368.474
1142.0000	367.58
1143.0000	364.064
1144.0000	363.031
1145.0000	364.283
1146.0000	364.982
1147.0000	369.926
1148.0000	368.215
1149.0000	363.551
1150.0000	365.471
1151.0000	368.158
1152.0000	364.164
1153.0000	365.728
1154.0000	370.883
1155.0000	367.489
1156.0000	365.831
1157.0000	366.819
1158.0000	365.834
1159.0000	364.014
1160.0000	368.016
1161.0000	369.026
1162.0000	364.91
1163.0000	364.008
1164.0000	365.75
1165.0000	370.178
1166.0000	368.201
1167.0000	364.781
1168.0000	369.447
1169.0000	368.549
1170.0000	365.065
1171.0000	366.067
1172.0000	366.853
1173.0000	368.695
1174.0000	369.872
1175.0000	369.526
1176.0000	364.692
1177.0000	361.762
1178.0000	363.818
1179.0000	364.882
1180.0000	367.254
1181.0000	365.602
1182.0000	364.813
1183.0000	369.598
1184.0000	367.545
1185.0000	365.666
1186.0000	365.269
1187.0000	364.82
1188.0000	366.082
1189.0000	363.744
1190.0000	365.412
1191.0000	369.281
1192.0000	368.611
1193.0000	366.535
1194.0000	369.026
1195.0000	369.702
1196.0000	364.469
1197.0000	364.771
1198.0000	370.265
1199.0000	371.784
1200.0000	369.81
1201.0000	368.283
1202.0000	366.43
1203.0000	366.244
1204.0000	367.162
1205.0000	369.252
1206.0000	369.119
1207.0000	365.085
1208.0000	365.665
1209.0000	366.739
1210.0000	367.381
1211.0000	366.052
1212.0000	364.576
1213.0000	364.459
1214.0000	365.459
1215.0000	365.128
1216.0000	363.215
1217.0000	367.52
1218.0000	368.371
1219.0000	368.972
1220.0000	367.012
1221.0000	365.55
1222.0000	369.619
1223.0000	368.385
1224.0000	367.192
1225.0000	367.784
1226.0000	367.635
1227.0000	368.624
1228.0000	367.228
1229.0000	364.872
1230.0000	367.644
1231.0000	368.877
1232.0000	373.356
1233.0000	375.34
1234.0000	369.543
1235.0000	367.52
1236.0000	365.971
1237.0000	364.707
1238.0000	365.506
1239.0000	369.49
1240.0000	368.898
1241.0000	365.657
1242.0000	364.481
1243.0000	366.083
1244.0000	367.914
1245.0000	367.79
1246.0000	371.191
1247.0000	370.747
1248.0000	368.038
1249.0000	366.605
1250.0000	366.484
1251.0000	368.34
1252.0000	370.7
1253.0000	370.013
1254.0000	370.055
1255.0000	373.812
1256.0000	370.238
1257.0000	368.156
1258.0000	368.338
1259.0000	367.578
1260.0000	369.815
1261.0000	370.849
1262.0000	369.018
1263.0000	367.643
1264.0000	371.358
1265.0000	375.225
1266.0000	373.082
1267.0000	369.468
1268.0000	368.36
1269.0000	370.026
1270.0000	370.628
1271.0000	366.394
1272.0000	366.338
1273.0000	367.963
1274.0000	368.447
1275.0000	369.068
1276.0000	370.449
1277.0000	371.698
1278.0000	370.091
1279.0000	369.977
1280.0000	373.417
1281.0000	373.265
1282.0000	368.476
1283.0000	367.876
1284.0000	371.325
1285.0000	373.143
1286.0000	372.204
1287.0000	368.361
1288.0000	363.825
1289.0000	363.048
1290.0000	366.564
1291.0000	368.883
1292.0000	367.242
1293.0000	367.354
1294.0000	370.182
1295.0000	371.743
1296.0000	370.695
1297.0000	368.902
1298.0000	371.565
1299.0000	370.562
1300.0000	367.962
1301.0000	369.681
1302.0000	370.78
1303.0000	367.714
1304.0000	368.218
1305.0000	368.532
1306.0000	367.203
1307.0000	368.149
1308.0000	368.207
1309.0000	371.473
1310.0000	370.639
1311.0000	372.082
1312.0000	371.534
1313.0000	368.259
1314.0000	371.47
1315.0000	372.97
1316.0000	367.658
1317.0000	365.325
1318.0000	367.506
1319.0000	370.735
1320.0000	371.255
1321.0000	371.388
1322.0000	373.45
1323.0000	368.891
1324.0000	367.484
1325.0000	368.832
1326.0000	366.662
1327.0000	367.983
1328.0000	369.578
1329.0000	371.137
1330.0000	372.995
1331.0000	373.234
1332.0000	374.42
1333.0000	373.175
1334.0000	373.248
1335.0000	370.924
1336.0000	367.792
1337.0000	369.803
1338.0000	369.055
1339.0000	369.233
1340.0000	370.851
1341.0000	371.491
1342.0000	372.06
1343.0000	370.793
1344.0000	370.901
1345.0000	371.245
1346.0000	371.965
1347.0000	370.966
1348.0000	370.959
1349.0000	367.77
1350.0000	365.361
1351.0000	368.678
1352.0000	370.245
1353.0000	372.166
1354.0000	371.581
1355.0000	371.334
1356.0000	373.437
1357.0000	376.221
1358.0000	371.448
1359.0000	369.429
1360.0000	372.737
1361.0000	370.965
1362.0000	369.735
1363.0000	368.296
1364.0000	367.848
1365.0000	367.396
1366.0000	369.374
1367.0000	374.042
1368.0000	371.876
1369.0000	370.34
1370.0000	375.349
1371.0000	375.768
1372.0000	369.638
1373.0000	369.259
1374.0000	374.286
1375.0000	375.334
1376.0000	372.9
1377.0000	371.78
1378.0000	371.683
1379.0000	371.834
1380.0000	370.027
1381.0000	369.338
1382.0000	370.663
1383.0000	368.264
1384.0000	369.953
1385.0000	372.684
1386.0000	369.787
1387.0000	370.444
1388.0000	375.466
1389.0000	375.441
1390.0000	372.545
1391.0000	369.126
1392.0000	370.184
1393.0000	372.103
1394.0000	371.291
1395.0000	373.476
1396.0000	375.279
1397.0000	374.089
1398.0000	375.547
1399.0000	377.227
1400.0000	373.539
1401.0000	374.195
1402.0000	373.512
1403.0000	372.208
1404.0000	373.091
1405.0000	371.188
1406.0000	370.269
1407.0000	369.714
1408.0000	373.51
1409.0000	373.217
1410.0000	370.692
1411.0000	372.179
1412.0000	371.996
1413.0000	370.937
1414.0000	370.066
1415.0000	372.194
1416.0000	373.596
1417.0000	370.493
1418.0000	371.296
1419.0000	373.362
1420.0000	374.195
1421.0000	374.459
1422.0000	372.951
1423.0000	372.038
1424.0000	370.097
1425.0000	371.403
1426.0000	372.293
1427.0000	373.66
1428.0000	371.451
1429.0000	370.488
1430.0000	372.112
1431.0000	370.012
1432.0000	372.698
1433.0000	373.608
1434.0000	371.128
1435.0000	369.913
1436.0000	369.135
1437.0000	374.349
1438.0000	374.863
1439.0000	370.981
1440.0000	374.013
1441.0000	374.491
1442.0000	373.886
1443.0000	372.212
1444.0000	373.305
1445.0000	375.425
1446.0000	374.778
1447.0000	373.411
1448.0000	372.349
1449.0000	373.746
1450.0000	373.106
1451.0000	368.562
1452.0000	368.75
1453.0000	372.008
1454.0000	374.974
1455.0000	374.712
1456.0000	370.169
1457.0000	369.795
1458.0000	371.095
1459.0000	371.404
1460.0000	372.577
1461.0000	374.446
1462.0000	370.885
1463.0000	369.609
1464.0000	374.124
1465.0000	375.3
1466.0000	373.286
1467.0000	372.131
1468.0000	375.524
1469.0000	376.981
1470.0000	372.843
1471.0000	370.556
1472.0000	371.434
1473.0000	375.214
1474.0000	376.661
1475.0000	375.046
1476.0000	369.939
1477.0000	367.635
1478.0000	370.219
1479.0000	373.105
1480.0000	375.752
1481.0000	374.796
1482.0000	376.369
1483.0000	374.365
1484.0000	371.937
1485.0000	372.403
1486.0000	374.826
1487.0000	377.776
1488.0000	375.199
1489.0000	372.461
1490.0000	371.518
1491.0000	371.674
1492.0000	373.704
1493.0000	371.985
1494.0000	370.122
1495.0000	372.517
1496.0000	373.782
1497.0000	373.443
1498.0000	372.367
1499.0000	373.021
1500.0000	371.361
1501.0000	374.124
1502.0000	374.515
1503.0000	375.246
1504.0000	376.165
1505.0000	372.862
1506.0000	371.57
1507.0000	371.241
1508.0000	370.61
1509.0000	367.802
1510.0000	371.786
1511.0000	373.82
1512.0000	373.631
1513.0000	375.217
1514.0000	372.98
1515.0000	371.961
1516.0000	368.782
1517.0000	371.294
1518.0000	376.285
1519.0000	371.663
1520.0000	368.543
1521.0000	367.484
1522.0000	366.985
1523.0000	371.779
1524.0000	373.458
1525.0000	372.829
1526.0000	373.899
1527.0000	370.968
1528.0000	365.476
1529.0000	367.81
1530.0000	373.506
1531.0000	371.636
1532.0000	374.144
1533.0000	375.117
1534.0000	372.771
1535.0000	374.311
1536.0000	370.965
1537.0000	369.976
1538.0000	373.336
1539.0000	372.429
1540.0000	369.548
1541.0000	371.044
1542.0000	376.963
1543.0000	377.997
1544.0000	374.93
1545.0000	374.802
1546.0000	375.211
1547.0000	373.185
1548.0000	371.669
1549.0000	370.368
1550.0000	371.779
1551.0000	374.659
1552.0000	375.829
1553.0000	375.919
1554.0000	374.809
1555.0000	369.828
1556.0000	367.262
1557.0000	368.478
1558.0000	370.366
1559.0000	372.238
1560.0000	373.246
1561.0000	373.739
1562.0000	375.574
1563.0000	372.815
1564.0000	369.228
1565.0000	371.285
1566.0000	372.278
1567.0000	374.537
1568.0000	375.193
1569.0000	375.178
1570.0000	373.989
1571.0000	374.413
1572.0000	375.531
1573.0000	372.573
1574.0000	371.791
1575.0000	375.953
1576.0000	377.161
1577.0000	373.448
1578.0000	372.656
1579.0000	371.771
1580.0000	370.862
1581.0000	371.254
1582.0000	375.533
1583.0000	378.249
1584.0000	376.368
1585.0000	374.834
1586.0000	376.173
1587.0000	374.502
1588.0000	371.39
1589.0000	375.594
1590.0000	377.397
1591.0000	377.963
1592.0000	376.453
1593.0000	371.069
1594.0000	370.936
1595.0000	372.474
1596.0000	373.122
1597.0000	373.981
1598.0000	372.457
1599.0000	372.73
1600.0000	373.981
1601.0000	373.377
1602.0000	372.165
1603.0000	373.495
1604.0000	371.993
1605.0000	368.319
1606.0000	371.994
1607.0000	378.135
1608.0000	377.494
1609.0000	376.875
1610.0000	377.84
1611.0000	375.024
1612.0000	373.554
1613.0000	373.509
1614.0000	370.219
1615.0000	374.086
1616.0000	381.101
1617.0000	379.119
1618.0000	376.915
1619.0000	376.974
1620.0000	374.807
1621.0000	376.546
1622.0000	377.517
1623.0000	377.473
1624.0000	376.221
1625.0000	372.83
1626.0000	373.883
1627.0000	374.779
1628.0000	373.671
1629.0000	374.421
1630.0000	376.105
1631.0000	372.885
1632.0000	374.173
1633.0000	374.604
1634.0000	372.119
1635.0000	372.516
1636.0000	375.005
1637.0000	376.732
1638.0000	373.757
1639.0000	375.575
1640.0000	377.397
1641.0000	375.446
1642.0000	375.472
1643.0000	375.161
1644.0000	372.698
1645.0000	372.682
1646.0000	375.208
1647.0000	375.879
1648.0000	375.861
1649.0000	373.564
1650.0000	372.25
1651.0000	373.28
1652.0000	372.746
1653.0000	372.87
1654.0000	374.054
1655.0000	372.848
1656.0000	373.066
1657.0000	374.252
1658.0000	371.954
1659.0000	373.62
1660.0000	376.08
1661.0000	373.42
1662.0000	371.641
1663.0000	373.023
1664.0000	372.306
1665.0000	371.586
1666.0000	375.692
1667.0000	376.891
1668.0000	373.957
1669.0000	374.754
1670.0000	379.737
1671.0000	380.542
1672.0000	376.336
1673.0000	374.552
1674.0000	373.178
1675.0000	373.105
1676.0000	373.269
1677.0000	370.787
1678.0000	372.254
1679.0000	373.937
1680.0000	371.787
1681.0000	374.745
1682.0000	377.371
1683.0000	376.567
1684.0000	376.237
1685.0000	373.21
1686.0000	373.69
1687.0000	377.35
1688.0000	376.74
1689.0000	375.514
1690.0000	375.188
1691.0000	373.643
1692.0000	371.404
1693.0000	371.494
1694.0000	376.692
1695.0000	381.174
1696.0000	377.681
1697.0000	374.917
1698.0000	378.933
1699.0000	379.639
1700.0000	377.683
1701.0000	378.124
1702.0000	376.868
1703.0000	374.82
1704.0000	374.615
1705.0000	376.201
1706.0000	378.238
1707.0000	374.886
1708.0000	375.921
1709.0000	376.21
1710.0000	371.376
1711.0000	371.588
1712.0000	375.538
1713.0000	379.515
1714.0000	377.255
1715.0000	375.467
1716.0000	377.393
1717.0000	377.717
1718.0000	373.729
1719.0000	373.081
1720.0000	376.612
1721.0000	377.826
1722.0000	377.02
1723.0000	376.544
1724.0000	376.211
1725.0000	376.221
1726.0000	375.761
1727.0000	374.236
1728.0000	376.408
1729.0000	376.513
1730.0000	375.631
1731.0000	374.575
1732.0000	373.843
1733.0000	370.494
1734.0000	367.767
1735.0000	370.222
1736.0000	375.041
1737.0000	378.61
1738.0000	376.463
1739.0000	375.619
1740.0000	375.96
1741.0000	374.767
1742.0000	374.505
1743.0000	376.078
1744.0000	376.096
1745.0000	377.567
1746.0000	377.52
1747.0000	376.717
1748.0000	375.819
1749.0000	374.904
1750.0000	375.723
1751.0000	376.191
1752.0000	380.747
1753.0000	379.618
1754.0000	373.327
1755.0000	377.224
1756.0000	377.058
1757.0000	373.75
1758.0000	374.985
1759.0000	374.058
1760.0000	373.308
1761.0000	372.841
1762.0000	376.766
1763.0000	380.706
1764.0000	376.978
1765.0000	374.554
1766.0000	374.588
1767.0000	374.159
1768.0000	375.86
1769.0000	372.802
1770.0000	373.879
1771.0000	378.451
1772.0000	376.474
1773.0000	373.065
1774.0000	375.344
1775.0000	376.587
1776.0000	374.167
1777.0000	371.863
1778.0000	371.01
1779.0000	371.399
1780.0000	373.802
1781.0000	377.397
1782.0000	378.152
1783.0000	374.337
1784.0000	375.099
1785.0000	375.436
1786.0000	376.814
1787.0000	380.718
1788.0000	378.202
1789.0000	376.952
1790.0000	374.546
1791.0000	375.861
1792.0000	378.399
1793.0000	377.495
1794.0000	375.479
1795.0000	375.695
1796.0000	378.631
1797.0000	378.815
1798.0000	378.532
1799.0000	379.137
1800.0000	378.973
1801.0000	380.019
1802.0000	382.23
1803.0000	380.719
1804.0000	377.821
1805.0000	373.746
1806.0000	372.181
1807.0000	375.217
1808.0000	377.937
1809.0000	375.325
1810.0000	376.035
1811.0000	380.198
1812.0000	380.104
1813.0000	377.849
1814.0000	375.14
1815.0000	377.35
1816.0000	378.198
1817.0000	379.251
1818.0000	377.009
1819.0000	374.904
1820.0000	376.606
1821.0000	373.619
1822.0000	375.067
1823.0000	378.058
1824.0000	375.736
1825.0000	376.106
1826.0000	377.554
1827.0000	373.093
1828.0000	372.738
1829.0000	375.361
1830.0000	374.733
1831.0000	378.025
1832.0000	377.145
1833.0000	375.472
1834.0000	377.053
1835.0000	375.211
1836.0000	377.073
1837.0000	380.149
1838.0000	374.35
1839.0000	373.59
1840.0000	378.975
1841.0000	377.727
1842.0000	380.731
1843.0000	381.285
1844.0000	376.163
1845.0000	375.501
1846.0000	375.989
1847.0000	378.034
1848.0000	378.42
1849.0000	374.061
1850.0000	372.103
1851.0000	376.478
1852.0000	377.32
1853.0000	376.526
1854.0000	374.757
1855.0000	372.49
1856.0000	374.493
1857.0000	375.131
1858.0000	377.35
1859.0000	377.518
1860.0000	375.318
1861.0000	378.676
1862.0000	380.879
1863.0000	380.123
1864.0000	378.962
1865.0000	376.731
1866.0000	375.928
1867.0000	375.763
1868.0000	375.503
1869.0000	376.182
1870.0000	375.661
1871.0000	373.563
1872.0000	375.512
1873.0000	378.189
1874.0000	377.893
1875.0000	375.302
1876.0000	372.064
1877.0000	376.397
1878.0000	377.018
1879.0000	373.889
1880.0000	374.061
1881.0000	371.853
1882.0000	372.859
1883.0000	374.919
1884.0000	377.397
1885.0000	377.609
1886.0000	375.251
1887.0000	375.807
1888.0000	376.023
1889.0000	376.421
1890.0000	376.232
1891.0000	374.142
1892.0000	374.894
1893.0000	375.6
1894.0000	372.557
1895.0000	371.709
1896.0000	375.409
1897.0000	377.61
1898.0000	378.842
1899.0000	378.207
1900.0000	375.752
1901.0000	372.723
1902.0000	371.056
1903.0000	374.038
1904.0000	374.811
1905.0000	377.631
1906.0000	380.315
1907.0000	379.238
1908.0000	378.777
1909.0000	378.423
1910.0000	374.535
1911.0000	369.889
1912.0000	374.208
1913.0000	376.135
1914.0000	375.169
1915.0000	375.96
1916.0000	374.303
1917.0000	374.662
1918.0000	375.397
1919.0000	375.787
1920.0000	376.764
1921.0000	378.007
1922.0000	374.959
1923.0000	378.891
1924.0000	381.072
1925.0000	373.44
1926.0000	373.457
1927.0000	375.116
1928.0000	375.822
1929.0000	378.239
1930.0000	380.466
1931.0000	377.32
1932.0000	373.953
1933.0000	377.496
1934.0000	380.19
1935.0000	379.152
1936.0000	376.3
1937.0000	373.731
1938.0000	371.202
1939.0000	370.744
1940.0000	373.673
1941.0000	374.723
1942.0000	374.852
1943.0000	374.59
1944.0000	375.332
1945.0000	376.083
1946.0000	374.077
1947.0000	375.345
1948.0000	374.94
1949.0000	375.782
1950.0000	377.322
1951.0000	375.022
1952.0000	375.947
1953.0000	377.867
1954.0000	377.5
1955.0000	375.183
1956.0000	376.396
1957.0000	378.042
1958.0000	377.273
1959.0000	375.447
1960.0000	371.773
1961.0000	374.485
1962.0000	376.759
1963.0000	375.312
1964.0000	378.732
1965.0000	380.673
1966.0000	379.543
1967.0000	379.794
1968.0000	375.428
1969.0000	371.318
1970.0000	371.934
1971.0000	373.476
1972.0000	376.353
1973.0000	376.367
1974.0000	375.353
1975.0000	375.623
1976.0000	378.084
1977.0000	376.983
1978.0000	375.615
1979.0000	375.051
1980.0000	375.038
1981.0000	377.188
1982.0000	374.148
1983.0000	375.658
1984.0000	378.781
1985.0000	375.749
1986.0000	377.043
1987.0000	378.806
1988.0000	376.38
1989.0000	375.499
1990.0000	377.216
1991.0000	379.715
1992.0000	377.42
1993.0000	375.277
1994.0000	374.464
1995.0000	374.728
1996.0000	375.067
1997.0000	371.849
1998.0000	371.595
1999.0000	374.523
2000.0000	373.173
2001.0000	370.187
2002.0000	374.153
2003.0000	372.921
2004.0000	371.953
2005.0000	374.443
2006.0000	371.892
2007.0000	372.37
2008.0000	374.09
2009.0000	375.163
2010.0000	378.488
2011.0000	379.85
2012.0000	378.669
2013.0000	378.662
2014.0000	378.281
2015.0000	379.446
2016.0000	378.864
2017.0000	375.176
2018.0000	375.839
2019.0000	377.484
2020.0000	376.287
2021.0000	375.056
2022.0000	377.621
2023.0000	378.121
2024.0000	377.088
2025.0000	375.198
2026.0000	376.087
2027.0000	377.49
2028.0000	376.642
2029.0000	378.737
2030.0000	378.868
2031.0000	378.013
2032.0000	377.946
2033.0000	376.496
2034.0000	376.336
2035.0000	379.196
2036.0000	380.256
2037.0000	377.561
2038.0000	373.353
2039.0000	374.143
2040.0000	377.056
2041.0000	375.482
2042.0000	373.984
2043.0000	377.145
2044.0000	380.284
2045.0000	378.334
2046.0000	373.009
2047.0000	371.769
2048.0000	374.791
2049.0000	378.363
2050.0000	378.477
2051.0000	377.348
2052.0000	380.073
2053.0000	380.201
2054.0000	378.626
2055.0000	377.062
2056.0000	378.779
2057.0000	378.652
2058.0000	377.141
2059.0000	377.011
2060.0000	377.816
2061.0000	379.357
2062.0000	381.762
2063.0000	380.874
2064.0000	375.317
2065.0000	377.554
2066.0000	378.434
2067.0000	375.309
2068.0000	375.075
2069.0000	378.883
2070.0000	377.827
2071.0000	374.513
2072.0000	375.613
2073.0000	375.605
2074.0000	376.857
2075.0000	379.603
2076.0000	383.929
2077.0000	382.888
2078.0000	379.229
2079.0000	379.799
2080.0000	379.375
2081.0000	378.415
2082.0000	377.819
2083.0000	378.667
2084.0000	376.548
2085.0000	374.506
2086.0000	374.994
2087.0000	374.336
2088.0000	374.426
2089.0000	376.401
2090.0000	379.106
2091.0000	378.991
2092.0000	378.953
2093.0000	379.126
2094.0000	377.486
2095.0000	374.945
2096.0000	377.341
2097.0000	379.249
2098.0000	375.409
2099.0000	375.281
2100.0000	378.376
2101.0000	380.807
2102.0000	376.678
2103.0000	377.2
2104.0000	380.764
2105.0000	373.93
2106.0000	374.302
2107.0000	378.034
2108.0000	377.802
2109.0000	380.52
2110.0000	380.112
2111.0000	378.707
2112.0000	376.749
2113.0000	378.116
2114.0000	383.192
2115.0000	381.907
2116.0000	378.551
2117.0000	375.388
2118.0000	374.387
2119.0000	376.727
2120.0000	379.291
2121.0000	379.7
2122.0000	375.696
2123.0000	375.192
2124.0000	380.018
2125.0000	385.286
2126.0000	382.133
2127.0000	377.792
2128.0000	376.482
2129.0000	374.571
2130.0000	378.382
2131.0000	378.08
2132.0000	376.29
2133.0000	376.683
2134.0000	373.912
2135.0000	375.83
2136.0000	377.451
2137.0000	376.165
2138.0000	379.057
2139.0000	379.19
2140.0000	380.091
2141.0000	380.682
2142.0000	376.925
2143.0000	377.719
2144.0000	378.793
2145.0000	378.333
2146.0000	376.789
2147.0000	375.295
2148.0000	377.28
2149.0000	377.717
2150.0000	374.715
2151.0000	377.17
2152.0000	381.619
2153.0000	383.685
2154.0000	384.607
2155.0000	376.156
2156.0000	376.668
2157.0000	381
2158.0000	376.378
2159.0000	374.737
2160.0000	378.145
2161.0000	381.966
2162.0000	382.908
2163.0000	383.814
2164.0000	379.18
2165.0000	375.426
2166.0000	380.614
2167.0000	380.422
2168.0000	379.77
2169.0000	379.783
2170.0000	378.094
2171.0000	380.125
2172.0000	379.852
2173.0000	381.662
2174.0000	382.259
2175.0000	380.164
2176.0000	376.55
2177.0000	375.489
2178.0000	376.588
2179.0000	376.046
2180.0000	377.56
2181.0000	379.721
2182.0000	378.165
2183.0000	373.297
2184.0000	371.944
2185.0000	375.573
2186.0000	378.456
2187.0000	377.084
2188.0000	374.453
2189.0000	378.723
2190.0000	382.551
2191.0000	380.02
2192.0000	376.863
2193.0000	374.034
2194.0000	374.825
2195.0000	380.66
2196.0000	383.706
2197.0000	382.197
2198.0000	380.049
2199.0000	380.308
2200.0000	382.48
2201.0000	379.534
2202.0000	375.003
2203.0000	374.808
2204.0000	377.006
2205.0000	378.816
2206.0000	381.014
2207.0000	379.502
2208.0000	376.914
2209.0000	377.581
2210.0000	379.683
2211.0000	380.177
2212.0000	379.884
2213.0000	378.544
2214.0000	378.659
2215.0000	377.02
2216.0000	376.412
2217.0000	380.634
2218.0000	378.316
2219.0000	379.467
2220.0000	381.459
2221.0000	381.748
2222.0000	377.963
2223.0000	374.219
2224.0000	379.42
2225.0000	378.185
2226.0000	378.177
2227.0000	380.064
2228.0000	379.847
2229.0000	378.964
2230.0000	379.225
2231.0000	378.449
2232.0000	377.248
2233.0000	379.155
2234.0000	381.458
2235.0000	381.455
2236.0000	379.684
2237.0000	378.05
2238.0000	377.862
2239.0000	377.145
2240.0000	377.114
2241.0000	375.54
2242.0000	372.612
2243.0000	375.703
2244.0000	378.591
2245.0000	381.307
2246.0000	381.416
2247.0000	378.477
2248.0000	377.218
2249.0000	373.651
2250.0000	374.978
2251.0000	377.456
2252.0000	373.878
2253.0000	376.213
2254.0000	381.548
2255.0000	382.712
2256.0000	379.674
2257.0000	376.017
2258.0000	376.187
2259.0000	378.713
2260.0000	377.955
2261.0000	379.252
2262.0000	380.117
2263.0000	375.534
2264.0000	373.004
2265.0000	375.373
2266.0000	380.209
2267.0000	383.135
2268.0000	377.941
2269.0000	373.808
2270.0000	372.647
2271.0000	376.487
2272.0000	381.519
2273.0000	379.393
2274.0000	380.049
2275.0000	379.998
2276.0000	378.547
2277.0000	380.088
2278.0000	379.937
2279.0000	377.009
2280.0000	375.927
2281.0000	375.12
2282.0000	375.72
2283.0000	376.121
2284.0000	376.239
2285.0000	379.612
2286.0000	380.941
2287.0000	379.85
2288.0000	377.438
2289.0000	377.719
2290.0000	380.012
2291.0000	378.134
2292.0000	377.547
2293.0000	379.11
2294.0000	378.53
2295.0000	376.073
2296.0000	374.365
2297.0000	374.394
2298.0000	374.812
2299.0000	375.576
2300.0000	376.487
2301.0000	377.257
2302.0000	378.242
2303.0000	376.558
2304.0000	377.017
2305.0000	381.648
2306.0000	381.902
2307.0000	377.948
2308.0000	378.893
2309.0000	380.67
2310.0000	376.101
2311.0000	375.224
2312.0000	377.858
2313.0000	378.535
2314.0000	375.976
2315.0000	372.908
2316.0000	375.434
2317.0000	376.219
2318.0000	373.333
2319.0000	373.282
2320.0000	372.877
2321.0000	375.472
2322.0000	380.222
2323.0000	381.487
2324.0000	381.458
2325.0000	379.805
2326.0000	378.445
2327.0000	376.931
2328.0000	374.306
2329.0000	374.461
2330.0000	378.27
2331.0000	380.538
2332.0000	379.423
2333.0000	375.922
2334.0000	373.794
2335.0000	374.588
2336.0000	373.534
2337.0000	376.657
2338.0000	379.218
2339.0000	376.62
2340.0000	374.92
2341.0000	375.856
2342.0000	377.396
2343.0000	377.364
2344.0000	379.538
2345.0000	379.737
2346.0000	374.483
2347.0000	374.854
2348.0000	381.205
2349.0000	381.41
2350.0000	379.952
2351.0000	381.949
2352.0000	375.122
2353.0000	373.909
2354.0000	380.054
2355.0000	377.664
2356.0000	375.87
2357.0000	377.188
2358.0000	375.688
2359.0000	375.419
2360.0000	375.397
2361.0000	371.789
2362.0000	372.46
2363.0000	370.515
2364.0000	370.594
2365.0000	373.59
2366.0000	374.357
2367.0000	373.868
2368.0000	374.397
2369.0000	374.746
2370.0000	371.651
2371.0000	372.509
2372.0000	375.576
2373.0000	376.332
2374.0000	376.235
2375.0000	379.286
2376.0000	379.94
2377.0000	378.482
2378.0000	379.004
2379.0000	379.143
2380.0000	380.088
2381.0000	381.313
2382.0000	381.073
2383.0000	382.281
2384.0000	379.398
2385.0000	378.147
2386.0000	380.934
2387.0000	377.866
2388.0000	373.972
2389.0000	376.59
2390.0000	378.698
2391.0000	377.574
2392.0000	380.183
2393.0000	379.503
2394.0000	381.043
2395.0000	381.07
2396.0000	378.074
2397.0000	378.467
2398.0000	378.872
2399.0000	380.557
2400.0000	380.925
2401.0000	381.164
2402.0000	377.199
2403.0000	376.026
2404.0000	377.703
2405.0000	382.437
2406.0000	380.74
2407.0000	376.723
2408.0000	380.026
2409.0000	378.75
2410.0000	377.063
2411.0000	375.735
2412.0000	375.75
2413.0000	377.847
2414.0000	378.569
2415.0000	376.743
2416.0000	378.57
2417.0000	379.567
2418.0000	377.053
2419.0000	378.115
2420.0000	377.944
2421.0000	376.905
2422.0000	377.929
2423.0000	378.325
2424.0000	377.44
2425.0000	376.075
2426.0000	381.362
2427.0000	381.842
2428.0000	375.76
2429.0000	375.675
2430.0000	380.348
2431.0000	383.305
2432.0000	380.759
2433.0000	377.318
2434.0000	378.023
2435.0000	380.673
2436.0000	380.002
2437.0000	376.55
2438.0000	376.727
2439.0000	379.017
2440.0000	377.664
2441.0000	378.651
2442.0000	378.354
2443.0000	378.039
2444.0000	379.915
2445.0000	377.964
2446.0000	377.3
2447.0000	380.729
2448.0000	381.04
2449.0000	378.397
2450.0000	379.329
2451.0000	381.625
2452.0000	381.822
2453.0000	378.24
2454.0000	375.596
2455.0000	377.939
2456.0000	378.978
2457.0000	374.374
2458.0000	376.272
2459.0000	380.558
2460.0000	378.833
2461.0000	381.593
2462.0000	380.417
2463.0000	376.818
2464.0000	380.247
2465.0000	381.721
2466.0000	382.093
2467.0000	382.438
2468.0000	382.948
2469.0000	379.481
2470.0000	378.354
2471.0000	377.806
2472.0000	375.93
2473.0000	379.277
2474.0000	380.494
2475.0000	380.53
2476.0000	380.629
2477.0000	380.911
2478.0000	378.921
2479.0000	378.378
2480.0000	380.696
2481.0000	381.77
2482.0000	379.159
2483.0000	377.41
2484.0000	379.535
2485.0000	378.49
2486.0000	378.885
2487.0000	378.796
2488.0000	377.964
2489.0000	381.591
2490.0000	380.394
2491.0000	377.13
2492.0000	378.897
2493.0000	382.335
2494.0000	381.562
2495.0000	381.273
2496.0000	380.554
2497.0000	377.553
2498.0000	378.505
2499.0000	379.662
2500.0000	379.298
2501.0000	376.656
2502.0000	374.975
2503.0000	378.357
2504.0000	377.506
2505.0000	377.251
2506.0000	380.731
2507.0000	380.176
2508.0000	376.469
2509.0000	375.91
2510.0000	379.314
2511.0000	379.96
2512.0000	381.376
2513.0000	382.637
2514.0000	381.68
2515.0000	379.687
2516.0000	378.072
2517.0000	377.939
2518.0000	377.313
2519.0000	378.654
2520.0000	376.956
2521.0000	376.365
2522.0000	378.868
2523.0000	379.371
2524.0000	379.312
2525.0000	379.882
2526.0000	380.269
2527.0000	379.745
2528.0000	380.539
2529.0000	380.865
2530.0000	380.162
2531.0000	381.863
2532.0000	380.821
2533.0000	378.8
2534.0000	379.736
2535.0000	374.811
2536.0000	372.954
2537.0000	376.89
2538.0000	381.237
2539.0000	380.789
2540.0000	377.209
2541.0000	379.562
2542.0000	379.436
2543.0000	378.627
2544.0000	380.061
2545.0000	380.772
2546.0000	382.202
2547.0000	382.16
2548.0000	379.707
2549.0000	376.764
2550.0000	376.018
2551.0000	379.422
2552.0000	377.62
2553.0000	372.334
2554.0000	374.706
2555.0000	378.952
2556.0000	379.29
2557.0000	376.02
2558.0000	376.753
2559.0000	381.088
2560.0000	376.99
2561.0000	375.503
2562.0000	379.12
2563.0000	378.094
2564.0000	379.628
2565.0000	381.562
2566.0000	379.476
2567.0000	376.674
2568.0000	377.752
2569.0000	378.43
2570.0000	378.433
2571.0000	379.29
2572.0000	377.552
2573.0000	375.065
2574.0000	378.03
2575.0000	377.379
2576.0000	377.077
2577.0000	379.73
2578.0000	377.736
2579.0000	381.583
2580.0000	383.36
2581.0000	379.642
2582.0000	378.969
2583.0000	378.311
2584.0000	379.222
2585.0000	379.826
2586.0000	377.737
2587.0000	376.996
2588.0000	379.633
2589.0000	381.25
2590.0000	377.291
2591.0000	380.746
2592.0000	381.893
2593.0000	375.438
2594.0000	377.602
2595.0000	380.561
2596.0000	380.202
2597.0000	377.958
2598.0000	374.618
2599.0000	377.518
2600.0000	379.887
2601.0000	382.583
2602.0000	382.625
2603.0000	379.908
2604.0000	382.388
2605.0000	379.483
2606.0000	377.702
2607.0000	382.148
2608.0000	383.15
2609.0000	379.865
2610.0000	380.163
2611.0000	379.924
2612.0000	377.83
2613.0000	379.904
2614.0000	377.648
2615.0000	374.706
2616.0000	375.669
2617.0000	376.895
2618.0000	379.819
2619.0000	382.245
2620.0000	382.06
2621.0000	383.963
2622.0000	382.074
2623.0000	375.235
2624.0000	374.495
2625.0000	373.689
2626.0000	372.729
2627.0000	379.435
2628.0000	381.78
2629.0000	378.327
2630.0000	373.694
2631.0000	373.738
2632.0000	378.707
2633.0000	379.823
2634.0000	378.511
2635.0000	379.618
2636.0000	380.527
2637.0000	377.773
2638.0000	376.316
2639.0000	374.817
2640.0000	374.835
2641.0000	378.182
2642.0000	381.411
2643.0000	378.723
2644.0000	378.953
2645.0000	378.349
2646.0000	377.054
2647.0000	381.271
2648.0000	378.523
2649.0000	377.457
2650.0000	378.142
2651.0000	378.675
2652.0000	377.076
2653.0000	374.979
2654.0000	379.068
2655.0000	376.76
2656.0000	374.548
2657.0000	379.388
2658.0000	380.992
2659.0000	376.615
2660.0000	374.082
2661.0000	377.928
2662.0000	379.921
2663.0000	377.51
2664.0000	377.012
2665.0000	379.825
2666.0000	379.461
2667.0000	377.976
2668.0000	380.677
2669.0000	380.678
2670.0000	379.875
2671.0000	377.854
2672.0000	378.465
2673.0000	379.616
2674.0000	377.917
2675.0000	378.27
2676.0000	379.562
2677.0000	380.066
2678.0000	375.706
2679.0000	373.793
2680.0000	380.03
2681.0000	379.334
2682.0000	376.871
2683.0000	379.325
2684.0000	378.021
2685.0000	376.887
2686.0000	377.128
2687.0000	379.087
2688.0000	378.6
2689.0000	377.06
2690.0000	378.037
2691.0000	380.142
2692.0000	380.404
2693.0000	379.601
2694.0000	379.422
2695.0000	377.529
2696.0000	376.675
2697.0000	379.029
2698.0000	380.444
2699.0000	378.211
2700.0000	380.405
2701.0000	382.482
2702.0000	379.153
2703.0000	378.59
2704.0000	378.241
2705.0000	379.133
2706.0000	385.058
2707.0000	385.662
2708.0000	379.656
2709.0000	376.765
2710.0000	379.102
2711.0000	380.022
2712.0000	378.808
2713.0000	379.491
2714.0000	382.629
2715.0000	381.347
2716.0000	378.985
2717.0000	380.335
2718.0000	382.039
2719.0000	378.403
2720.0000	377.369
2721.0000	381.056
2722.0000	380.363
2723.0000	379.806
2724.0000	377.362
2725.0000	377.899
2726.0000	380.335
2727.0000	378.682
2728.0000	379.463
2729.0000	380.354
2730.0000	377.135
2731.0000	376.756
2732.0000	376.938
2733.0000	378.623
2734.0000	379.171
2735.0000	377.167
2736.0000	378.296
2737.0000	379.861
2738.0000	381.476
2739.0000	381.57
2740.0000	381.381
2741.0000	380.705
2742.0000	381.571
2743.0000	382.258
2744.0000	382.687
2745.0000	382.226
2746.0000	380.171
2747.0000	381.564
2748.0000	382.175
2749.0000	379.26
2750.0000	379.764
2751.0000	382.766
2752.0000	380.249
2753.0000	377.666
2754.0000	377.354
2755.0000	377.58
2756.0000	377.592
2757.0000	376.361
2758.0000	376.33
2759.0000	376.115
2760.0000	377.165
2761.0000	376.736
2762.0000	377.655
2763.0000	382.549
2764.0000	380.919
2765.0000	377.867
2766.0000	380.466
2767.0000	383.966
2768.0000	384.398
2769.0000	383.078
2770.0000	380.855
2771.0000	379.508
2772.0000	379.776
2773.0000	383.738
2774.0000	385.332
2775.0000	383.599
2776.0000	383.797
2777.0000	383.301
2778.0000	383.267
2779.0000	383.997
2780.0000	378.043
2781.0000	375.635
2782.0000	379.455
2783.0000	381.694
2784.0000	381.647
2785.0000	379.935
2786.0000	378.939
2787.0000	379.053
2788.0000	377.15
2789.0000	378.469
2790.0000	381.703
2791.0000	382.063
2792.0000	383.512
2793.0000	380.548
2794.0000	375.085
2795.0000	373.308
2796.0000	375.224
2797.0000	377.286
2798.0000	381.634
2799.0000	379.933
2800.0000	375.807
2801.0000	383.856
2802.0000	384.605
2803.0000	377.14
2804.0000	376.492
2805.0000	379.159
2806.0000	382.401
2807.0000	380.259
2808.0000	377.882
2809.0000	378.737
2810.0000	377.981
2811.0000	377.595
2812.0000	381.323
2813.0000	379.669
2814.0000	378.993
2815.0000	381.698
2816.0000	379.232
2817.0000	379.677
2818.0000	380.8
2819.0000	383.171
2820.0000	383.108
2821.0000	382.776
2822.0000	383.893
2823.0000	382.078
2824.0000	379.146
2825.0000	379.178
2826.0000	383.56
2827.0000	381.069
2828.0000	377.444
2829.0000	379.208
2830.0000	380.295
2831.0000	377.82
2832.0000	378.181
2833.0000	380.465
2834.0000	379.292
2835.0000	379.149
2836.0000	382.245
2837.0000	382.019
2838.0000	380.647
2839.0000	378.868
2840.0000	376.94
2841.0000	377.465
2842.0000	378.555
2843.0000	382.411
2844.0000	380.118
2845.0000	380.356
2846.0000	382.835
2847.0000	380.515
2848.0000	378.056
2849.0000	378.099
2850.0000	380.606
2851.0000	379.722
2852.0000	375.991
2853.0000	376.674
2854.0000	377.782
2855.0000	377.956
2856.0000	379.844
2857.0000	378.661
2858.0000	380
2859.0000	380.094
2860.0000	376.862
2861.0000	379.446
2862.0000	382.274
2863.0000	377.803
2864.0000	378.094
2865.0000	379.66
2866.0000	377.345
2867.0000	378.064
2868.0000	380.678
2869.0000	380.905
2870.0000	378.412
2871.0000	379.31
2872.0000	382.712
2873.0000	387.203
2874.0000	381.959
2875.0000	377.622
2876.0000	381.672
2877.0000	382.226
2878.0000	378.468
2879.0000	377.282
2880.0000	379.987
2881.0000	379.776
2882.0000	377.464
2883.0000	378.545
2884.0000	379.78
2885.0000	378.646
2886.0000	377.908
2887.0000	374.71
2888.0000	374.121
2889.0000	377.779
2890.0000	380.297
2891.0000	379.345
2892.0000	379.858
2893.0000	379.516
2894.0000	378.434
2895.0000	380.426
2896.0000	382.617
2897.0000	381.461
2898.0000	375.427
2899.0000	375.131
2900.0000	377.892
2901.0000	378.389
2902.0000	378.852
2903.0000	377.795
2904.0000	379.207
2905.0000	381.518
2906.0000	382.491
2907.0000	380.634
2908.0000	378.838
2909.0000	377.954
2910.0000	380.155
2911.0000	380.436
2912.0000	378.528
2913.0000	379.251
2914.0000	380.303
2915.0000	378.77
2916.0000	374.652
2917.0000	376.811
2918.0000	380.983
2919.0000	380.391
2920.0000	378.838
2921.0000	380.827
2922.0000	380.966
2923.0000	378.965
2924.0000	378.072
2925.0000	380.164
2926.0000	379.435
2927.0000	377.302
2928.0000	381.129
2929.0000	379.579
2930.0000	380.596
2931.0000	381.736
2932.0000	379.079
2933.0000	378.405
2934.0000	379.29
2935.0000	380.199
2936.0000	377.489
2937.0000	379.711
2938.0000	380.374
2939.0000	378.668
2940.0000	380.22
2941.0000	377.234
2942.0000	379.148
2943.0000	380.477
2944.0000	378.453
2945.0000	379.408
2946.0000	379.758
2947.0000	380.607
2948.0000	379.164
2949.0000	378.002
2950.0000	380.719
2951.0000	382.945
2952.0000	383.977
2953.0000	383.414
2954.0000	381.2
2955.0000	380.005
2956.0000	379.834
2957.0000	382.078
2958.0000	378.851
2959.0000	377.261
2960.0000	379.687
2961.0000	379.395
2962.0000	379.33
2963.0000	379.496
2964.0000	378.669
2965.0000	378.849
2966.0000	379.427
2967.0000	379.669
2968.0000	379.178
2969.0000	378.877
2970.0000	378.127
2971.0000	380.209
2972.0000	384.463
2973.0000	384.029
2974.0000	380.633
2975.0000	378.517
2976.0000	377.03
2977.0000	377.939
2978.0000	379.463
2979.0000	378.282
2980.0000	381.551
2981.0000	382.855
2982.0000	380.988
2983.0000	383.206
2984.0000	383.394
2985.0000	380.97
2986.0000	379.461
2987.0000	376.984
2988.0000	378.028
2989.0000	380.417
2990.0000	379.633
2991.0000	381.822
2992.0000	382.424
2993.0000	382.954
2994.0000	380.901
2995.0000	378.763
2996.0000	379.393
2997.0000	377.578
2998.0000	376.017
2999.0000	377.121
3000.0000	380.504
3001.0000	377.803
3002.0000	377.439
3003.0000	380.209
3004.0000	381.582
3005.0000	382.25
3006.0000	380.351
3007.0000	380.294
3008.0000	380.664
3009.0000	378.103
3010.0000	377.474
3011.0000	382.513
3012.0000	383.518
3013.0000	378.618
3014.0000	375.868
3015.0000	377.602
3016.0000	380.522
3017.0000	380.62
3018.0000	382.854
3019.0000	382.574
3020.0000	381.641
3021.0000	379.546
3022.0000	376.675
3023.0000	379.82
3024.0000	380.115
3025.0000	379.09
3026.0000	379.733
3027.0000	379.425
3028.0000	378.869
3029.0000	379.628
3030.0000	377.316
3031.0000	375.913
3032.0000	377.672
3033.0000	379.831
3034.0000	381.986
3035.0000	380.584
3036.0000	381.336
3037.0000	381.419
3038.0000	382.501
3039.0000	381.92
3040.0000	380.757
3041.0000	383.013
3042.0000	381.324
3043.0000	378.668
3044.0000	379.822
3045.0000	379.099
3046.0000	376.308
3047.0000	379.765
3048.0000	380.686
3049.0000	379.311
3050.0000	379.433
3051.0000	379.032
3052.0000	382.069
3053.0000	384.388
3054.0000	382.315
3055.0000	381.778
3056.0000	380.136
3057.0000	375.762
3058.0000	375.914
3059.0000	377.956
3060.0000	379.819
3061.0000	379.89
3062.0000	380.249
3063.0000	382.755
3064.0000	381.056
3065.0000	380.37
3066.0000	382.502
3067.0000	383.948
3068.0000	383.2
3069.0000	379.605
3070.0000	375.355
3071.0000	377.994
3072.0000	381.574
3073.0000	380.987
3074.0000	382.569
3075.0000	379.861
3076.0000	380.041
3077.0000	383.006
3078.0000	380.726
3079.0000	377.716
3080.0000	379.654
3081.0000	382.75
3082.0000	381.276
3083.0000	376.857
3084.0000	376.862
3085.0000	379.184
3086.0000	376.813
3087.0000	376.96
3088.0000	383.004
3089.0000	384.166
3090.0000	382.136
3091.0000	380.461
3092.0000	379.071
3093.0000	381.144
3094.0000	381.661
3095.0000	380.729
3096.0000	382.766
3097.0000	385.407
3098.0000	382.276
3099.0000	382.74
3100.0000	384.713
3101.0000	382.674
3102.0000	381.681
3103.0000	381.523
3104.0000	383.708
3105.0000	382.614
3106.0000	379.128
3107.0000	377.023
3108.0000	376.734
3109.0000	379.857
3110.0000	383.315
3111.0000	384.612
3112.0000	384.536
3113.0000	380.911
3114.0000	380.117
3115.0000	380.862
3116.0000	380.54
3117.0000	382.737
3118.0000	381.368
3119.0000	380.537
3120.0000	380.067
3121.0000	378.151
3122.0000	375.654
3123.0000	375.762
3124.0000	378.689
3125.0000	379.246
3126.0000	375.036
3127.0000	374.915
3128.0000	378.425
3129.0000	377.427
3130.0000	378.941
3131.0000	385.477
3132.0000	386.96
3133.0000	381.351
3134.0000	381.085
3135.0000	380.139
3136.0000	377.547
3137.0000	380.525
3138.0000	380.004
3139.0000	377.73
3140.0000	378.562
3141.0000	377.482
3142.0000	378.999
3143.0000	382.165
3144.0000	380.175
3145.0000	379.468
3146.0000	380.388
3147.0000	375.427
3148.0000	377.488
3149.0000	383.53
3150.0000	384.465
3151.0000	380.43
3152.0000	376.65
3153.0000	376.993
3154.0000	376.515
3155.0000	381.164
3156.0000	382.846
3157.0000	380.011
3158.0000	382.162
3159.0000	382.705
3160.0000	379.418
3161.0000	379.501
3162.0000	380.881
3163.0000	378.216
3164.0000	378.639
3165.0000	380.776
3166.0000	381.7
3167.0000	383.158
3168.0000	377.309
3169.0000	374.727
3170.0000	373.943
3171.0000	375.678
3172.0000	382.554
3173.0000	382.873
3174.0000	380.789
3175.0000	379.025
3176.0000	379.092
3177.0000	380.29
3178.0000	379.492
3179.0000	379.86
3180.0000	382.857
3181.0000	380.203
3182.0000	378.969
3183.0000	380.686
3184.0000	379.767
3185.0000	380.904
3186.0000	380.54
3187.0000	381.821
3188.0000	380.126
3189.0000	378.151
3190.0000	378.273
3191.0000	380.405
3192.0000	383.243
3193.0000	381.547
3194.0000	380.458
3195.0000	379.85
3196.0000	380.212
3197.0000	379.032
3198.0000	378.73
3199.0000	381.452
3200.0000	382.111
3201.0000	381.352
3202.0000	381.691
3203.0000	380.754
3204.0000	379.457
3205.0000	380.503
3206.0000	382.054
3207.0000	381.186
3208.0000	380.335
3209.0000	380.502
3210.0000	378.448
3211.0000	379.347
3212.0000	380.951
3213.0000	379.628
3214.0000	379.446
3215.0000	382.111
3216.0000	380.525
3217.0000	376.232
3218.0000	378.347
3219.0000	382.785
3220.0000	383.007
3221.0000	382.318
3222.0000	382.591
3223.0000	384.259
3224.0000	378.932
3225.0000	374.573
3226.0000	381.411
3227.0000	382.06
3228.0000	380.643
3229.0000	381.949
3230.0000	383.109
3231.0000	385.087
3232.0000	383.092
3233.0000	378.585
3234.0000	379.198
3235.0000	382.022
3236.0000	385.031
3237.0000	384.738
3238.0000	381.853
3239.0000	381.096
3240.0000	381.962
3241.0000	379.351
3242.0000	377.432
3243.0000	382.339
3244.0000	381.245
3245.0000	379.593
3246.0000	381.438
3247.0000	379.283
3248.0000	379.144
3249.0000	383.084
3250.0000	381.533
3251.0000	382.002
3252.0000	381.829
3253.0000	379.14
3254.0000	377.926
3255.0000	374.848
3256.0000	378.83
3257.0000	380.951
3258.0000	379.835
3259.0000	382.683
3260.0000	383.134
3261.0000	382.214
3262.0000	383.964
3263.0000	383.265
3264.0000	381.633
3265.0000	380.82
3266.0000	380.796
3267.0000	379.724
3268.0000	380.781
3269.0000	381.412
3270.0000	379.711
3271.0000	380.661
3272.0000	384.429
3273.0000	384.527
3274.0000	383.345
3275.0000	384.647
3276.0000	382.481
3277.0000	379.146
3278.0000	378.092
3279.0000	377.338
3280.0000	376.901
3281.0000	379.558
3282.0000	381.642
3283.0000	381.701
3284.0000	381.992
3285.0000	383.317
3286.0000	384.546
3287.0000	382.308
3288.0000	375.486
3289.0000	378.671
3290.0000	381.262
3291.0000	379.506
3292.0000	380.839
3293.0000	376.271
3294.0000	378.442
3295.0000	380.801
3296.0000	378.43
3297.0000	379.218
3298.0000	379.104
3299.0000	380.294
3300.0000	381.475
3301.0000	377.116
3302.0000	379.252
3303.0000	383.148
3304.0000	380.68
3305.0000	380.717
3306.0000	380.931
3307.0000	381.449
3308.0000	381.611
3309.0000	383.698
3310.0000	384.93
3311.0000	383.483
3312.0000	381.425
3313.0000	380.028
3314.0000	381.839
3315.0000	384.477
3316.0000	380.658
3317.0000	376.938
3318.0000	378.389
3319.0000	379.764
3320.0000	379.345
3321.0000	380.436
3322.0000	382.53
3323.0000	381.225
3324.0000	384.875
3325.0000	383.295
3326.0000	378.337
3327.0000	380.079
3328.0000	378.186
3329.0000	379.783
3330.0000	380.733
3331.0000	380.405
3332.0000	381.988
3333.0000	381.24
3334.0000	381.231
3335.0000	380.397
3336.0000	380.526
3337.0000	379.372
3338.0000	376.543
3339.0000	377.447
3340.0000	381.375
3341.0000	381.881
3342.0000	376.869
3343.0000	375.597
3344.0000	380.255
3345.0000	381.497
3346.0000	380.91
3347.0000	378.579
3348.0000	378.992
3349.0000	382.613
3350.0000	382.16
3351.0000	378.214
3352.0000	378.643
3353.0000	382.935
3354.0000	385.323
3355.0000	384.109
3356.0000	376.99
3357.0000	376.891
3358.0000	376.604
3359.0000	375.682
3360.0000	377.467
3361.0000	374.239
3362.0000	377.172
3363.0000	380.693
3364.0000	378.19
3365.0000	379.618
3366.0000	380.91
3367.0000	376.786
3368.0000	377.891
3369.0000	379.241
3370.0000	379.171
3371.0000	380.936
3372.0000	379.918
3373.0000	376.733
3374.0000	378.719
3375.0000	384.486
3376.0000	383.702
3377.0000	383.354
3378.0000	383.632
3379.0000	378.487
3380.0000	378.96
3381.0000	383.799
3382.0000	382.77
3383.0000	380.091
3384.0000	382.758
3385.0000	381.002
3386.0000	378.046
3387.0000	378.39
3388.0000	376.686
3389.0000	377.825
3390.0000	381.115
3391.0000	380.25
3392.0000	377.152
3393.0000	378.977
3394.0000	378.954
3395.0000	378.209
3396.0000	380.66
3397.0000	382.474
3398.0000	382.767
3399.0000	378.649
3400.0000	381.261
3401.0000	386.101
3402.0000	382.961
3403.0000	383.577
3404.0000	384.741
3405.0000	383.67
3406.0000	383.208
3407.0000	382.523
3408.0000	380.291
3409.0000	379.655
3410.0000	380.966
3411.0000	378.63
3412.0000	379.105
3413.0000	379.525
3414.0000	380.273
3415.0000	382.075
3416.0000	379.479
3417.0000	379.775
3418.0000	381.432
3419.0000	382.594
3420.0000	382.395
3421.0000	382.636
3422.0000	383.746
3423.0000	384.99
3424.0000	382.023
3425.0000	377.08
3426.0000	379.791
3427.0000	379.582
3428.0000	377.983
3429.0000	382.319
3430.0000	383.285
3431.0000	381.849
3432.0000	380.634
3433.0000	378.017
3434.0000	378.691
3435.0000	381.786
3436.0000	379.453
3437.0000	379.878
3438.0000	384.022
3439.0000	380.479
3440.0000	378.075
3441.0000	380.414
3442.0000	381.392
3443.0000	380.776
3444.0000	379.065
3445.0000	380.305
3446.0000	382.252
3447.0000	384.396
3448.0000	382.784
3449.0000	379.297
3450.0000	382.119
3451.0000	383.052
3452.0000	379.342
3453.0000	380.913
3454.0000	381.635
3455.0000	378.995
3456.0000	379.834
3457.0000	384.381
3458.0000	384.882
3459.0000	381.405
3460.0000	381.389
3461.0000	381.413
3462.0000	382.171
3463.0000	382.589
3464.0000	384.706
3465.0000	383.759
3466.0000	379.504
3467.0000	380.171
3468.0000	382.243
3469.0000	381.535
3470.0000	380.608
3471.0000	380.905
3472.0000	383.547
3473.0000	385.1
3474.0000	382.168
3475.0000	379.757
3476.0000	378.183
3477.0000	378.19
3478.0000	382.307
3479.0000	384.564
3480.0000	385.802
3481.0000	387.256
3482.0000	382.708
3483.0000	379.195
3484.0000	378.996
3485.0000	379.32
3486.0000	381.659
3487.0000	380.361
3488.0000	377.552
3489.0000	378.974
3490.0000	380.509
3491.0000	380.005
3492.0000	378.975
3493.0000	379.143
3494.0000	380.363
3495.0000	382.215
3496.0000	382.338
3497.0000	379.026
3498.0000	379.551
3499.0000	382.131
3500.0000	382.654
3501.0000	381.843
3502.0000	379.077
3503.0000	379.231
3504.0000	375.348
3505.0000	374.488
3506.0000	379.749
3507.0000	382.299
3508.0000	384.653
3509.0000	379.984
3510.0000	378.637
3511.0000	380.237
3512.0000	381.308
3513.0000	383.472
3514.0000	379.945
3515.0000	375.13
3516.0000	379.367
3517.0000	381.553
3518.0000	378.331
3519.0000	380.212
3520.0000	378.543
3521.0000	378.427
3522.0000	380.783
3523.0000	378.456
3524.0000	377.049
3525.0000	378.095
3526.0000	377.884
3527.0000	380.506
3528.0000	382.4
3529.0000	382.11
3530.0000	383.499
3531.0000	381.297
3532.0000	378.51
3533.0000	380.93
3534.0000	382.413
3535.0000	383.579
3536.0000	381.864
3537.0000	378.662
3538.0000	378.65
3539.0000	379.963
3540.0000	381.476
3541.0000	383.929
3542.0000	386.15
3543.0000	386.763
3544.0000	386.056
3545.0000	382.382
3546.0000	381.222
3547.0000	379.796
3548.0000	381.616
3549.0000	382.743
3550.0000	380.454
3551.0000	382.474
3552.0000	383.495
3553.0000	383.015
3554.0000	381.119
3555.0000	381.697
3556.0000	379.862
3557.0000	379.674
3558.0000	381.507
3559.0000	384.245
3560.0000	383.554
3561.0000	380.298
3562.0000	381.21
3563.0000	381.168
3564.0000	380.466
3565.0000	381.524
3566.0000	384.538
3567.0000	381.089
3568.0000	380.364
3569.0000	382.215
3570.0000	382.9
3571.0000	379.49
3572.0000	377.326
3573.0000	379.261
3574.0000	379.971
3575.0000	379.721
3576.0000	380.605
3577.0000	378.571
3578.0000	375.084
3579.0000	377.338
3580.0000	379.595
3581.0000	378.551
3582.0000	379.057
3583.0000	378.632
3584.0000	382.292
3585.0000	385.195
3586.0000	381.122
3587.0000	381.452
3588.0000	379.611
3589.0000	377.31
3590.0000	380.882
3591.0000	383.121
3592.0000	380.49
3593.0000	377.813
3594.0000	377.99
3595.0000	378.685
3596.0000	377.178
3597.0000	376.472
3598.0000	379.581
3599.0000	381.186
3600.0000	383.539
3601.0000	384.024
3602.0000	382.374
3603.0000	381.375
3604.0000	378.66
3605.0000	379.977
3606.0000	380.539
3607.0000	379.547
3608.0000	379.084
3609.0000	376.155
3610.0000	375.824
3611.0000	380.133
3612.0000	382.28
3613.0000	381.766
3614.0000	379.785
3615.0000	380.769
3616.0000	384.072
3617.0000	382.273
3618.0000	379.807
3619.0000	380.184
3620.0000	379.895
3621.0000	376.794
3622.0000	378.251
3623.0000	380.307
3624.0000	382.193
3625.0000	383.467
3626.0000	379.826
3627.0000	380.778
3628.0000	379.771
3629.0000	377.65
3630.0000	380.457
3631.0000	379.677
3632.0000	379.123
3633.0000	384.707
3634.0000	384.413
3635.0000	378.846
3636.0000	378.736
3637.0000	380.27
3638.0000	378.104
3639.0000	379.808
3640.0000	381.326
3641.0000	379.242
3642.0000	381.349
3643.0000	382.532
3644.0000	380.638
3645.0000	380.545
3646.0000	380.548
3647.0000	378.558
3648.0000	382.646
3649.0000	385.066
3650.0000	381.827
3651.0000	379.24
3652.0000	377.187
3653.0000	379.015
3654.0000	378.398
3655.0000	375.77
3656.0000	378.235
3657.0000	379.989
3658.0000	377.237
3659.0000	375.32
3660.0000	376.39
3661.0000	377.203
3662.0000	378.969
3663.0000	382.019
3664.0000	381.743
3665.0000	382.654
3666.0000	381.598
3667.0000	378.626
3668.0000	380.319
3669.0000	380.897
3670.0000	385.096
3671.0000	384.205
3672.0000	379.688
3673.0000	379.18
3674.0000	378.631
3675.0000	380.948
3676.0000	383.523
3677.0000	383.199
3678.0000	381.383
3679.0000	378.975
3680.0000	380.695
3681.0000	382.172
3682.0000	379.469
3683.0000	378.33
3684.0000	377.723
3685.0000	376.27
3686.0000	376.74
3687.0000	379.445
3688.0000	376.839
3689.0000	377.992
3690.0000	382.546
3691.0000	379.966
3692.0000	377.082
3693.0000	378.277
3694.0000	377.802
3695.0000	377.187
3696.0000	380.386
3697.0000	381.439
3698.0000	380.57
3699.0000	380.307
3700.0000	380.682
3701.0000	382.269
3702.0000	385.08
3703.0000	384.052
3704.0000	380.637
3705.0000	379.501
3706.0000	380.232
3707.0000	380.869
3708.0000	380.943
3709.0000	380.422
3710.0000	379.2
3711.0000	380.079
3712.0000	378.288
3713.0000	379.616
3714.0000	378.822
3715.0000	376.072
3716.0000	376.799
3717.0000	379.099
3718.0000	380.774
3719.0000	379.012
3720.0000	380.57
3721.0000	382.107
3722.0000	378.996
3723.0000	378.379
3724.0000	381.234
3725.0000	382.218
3726.0000	383.088
3727.0000	380.897
3728.0000	379.103
3729.0000	380.189
3730.0000	380.548
3731.0000	376.829
3732.0000	375.633
3733.0000	378.817
3734.0000	381.389
3735.0000	381.905
3736.0000	382.198
3737.0000	381.928
3738.0000	383.348
3739.0000	385.75
3740.0000	381.531
3741.0000	376.688
3742.0000	378.337
3743.0000	380.834
3744.0000	381.517
3745.0000	381.797
3746.0000	382.353
3747.0000	381.905
3748.0000	376.564
3749.0000	380.321
3750.0000	381.647
3751.0000	381.847
3752.0000	385.221
3753.0000	380.063
3754.0000	376.335
3755.0000	377.994
3756.0000	380.595
3757.0000	383.364
3758.0000	384.841
3759.0000	383.537
3760.0000	379.949
3761.0000	375.965
3762.0000	380.868
3763.0000	383.172
3764.0000	380.178
3765.0000	382.679
3766.0000	382.258
3767.0000	379.632
3768.0000	381.672
3769.0000	381.866
3770.0000	381.412
3771.0000	381.997
3772.0000	383.014
3773.0000	381.708
3774.0000	380.275
3775.0000	380.652
3776.0000	379.037
3777.0000	378.013
3778.0000	378.233
3779.0000	379.107
3780.0000	379.015
3781.0000	381.001
3782.0000	381.839
3783.0000	380.778
3784.0000	379.508
3785.0000	380.784
3786.0000	383.51
3787.0000	383.461
3788.0000	381.994
3789.0000	375.924
3790.0000	374.099
3791.0000	375.874
3792.0000	373.832
3793.0000	379.186
3794.0000	383.688
3795.0000	381.849
3796.0000	380.311
3797.0000	381.319
3798.0000	384.926
3799.0000	383.717
3800.0000	379.142
3801.0000	376.147
3802.0000	377.046
3803.0000	379.058
3804.0000	379.894
3805.0000	382.662
3806.0000	383.129
3807.0000	381.095
3808.0000	380.402
3809.0000	379.182
3810.0000	379.98
3811.0000	383.365
3812.0000	383.837
3813.0000	382.644
3814.0000	378.819
3815.0000	379.55
3816.0000	378.197
3817.0000	374.115
3818.0000	379.429
3819.0000	381.716
3820.0000	380.141
3821.0000	381.995
3822.0000	383.481
3823.0000	380.855
3824.0000	374.101
3825.0000	371.56
3826.0000	374.728
3827.0000	375.997
3828.0000	379.935
3829.0000	379.932
3830.0000	377.407
3831.0000	376.568
3832.0000	376.334
3833.0000	381.773
3834.0000	384.069
3835.0000	381.385
3836.0000	381.398
3837.0000	380.294
3838.0000	378.745
3839.0000	379.653
3840.0000	379.29
3841.0000	379.835
3842.0000	381.061
3843.0000	377.744
3844.0000	378.713
3845.0000	381.894
3846.0000	380.531
3847.0000	380.823
3848.0000	380.705
3849.0000	378.417
3850.0000	379.853
3851.0000	381.175
3852.0000	379.485
3853.0000	378.581
3854.0000	381.02
3855.0000	381.582
3856.0000	380.574
3857.0000	381.716
3858.0000	381.903
3859.0000	381.579
3860.0000	380.482
3861.0000	381.076
3862.0000	380.218
3863.0000	380.917
3864.0000	381.611
3865.0000	380.706
3866.0000	380.565
3867.0000	379.148
3868.0000	378.913
3869.0000	379.799
3870.0000	380.525
3871.0000	383.437
3872.0000	384.2
3873.0000	384.019
3874.0000	382.582
3875.0000	379.688
3876.0000	379.122
3877.0000	379.58
3878.0000	379.711
3879.0000	381.21
3880.0000	382.195
3881.0000	380.488
3882.0000	379.964
3883.0000	381.366
3884.0000	380.971
3885.0000	382.644
3886.0000	384.433
3887.0000	382.142
3888.0000	379.038
3889.0000	382.031
3890.0000	383.213
3891.0000	379.431
3892.0000	382.436
3893.0000	381.437
3894.0000	378.464
3895.0000	383.464
3896.0000	384.257
3897.0000	380.987
3898.0000	379.333
3899.0000	377.416
3900.0000	378.463
3901.0000	383.594
3902.0000	383.082
3903.0000	377.561
3904.0000	375.58
3905.0000	373.877
3906.0000	380.636
3907.0000	385.549
3908.0000	383.555
3909.0000	382.333
3910.0000	380.909
3911.0000	379.413
3912.0000	378.256
3913.0000	377.793
3914.0000	382.028
3915.0000	384.475
3916.0000	381.419
3917.0000	383.019
3918.0000	379.22
3919.0000	377.265
3920.0000	380.083
3921.0000	381.15
3922.0000	380.972
3923.0000	379.107
3924.0000	381.002
3925.0000	380.369
3926.0000	382.061
3927.0000	381.036
3928.0000	378.76
3929.0000	382.439
3930.0000	381.311
3931.0000	383.372
3932.0000	384.778
3933.0000	379.384
3934.0000	378.05
3935.0000	377.748
3936.0000	380.065
3937.0000	383.921
3938.0000	383.335
3939.0000	380.671
3940.0000	378.1
3941.0000	376.513
3942.0000	379.857
3943.0000	379.886
3944.0000	377.53
3945.0000	378.994
3946.0000	379.564
3947.0000	378.941
3948.0000	376.212
3949.0000	377.25
3950.0000	378.9
3951.0000	377.905
3952.0000	378.901
3953.0000	380.49
3954.0000	379.666
3955.0000	379.639
3956.0000	381.298
3957.0000	380.243
3958.0000	380.171
3959.0000	381.84
3960.0000	379.237
3961.0000	379.528
3962.0000	380.082
3963.0000	378.237
3964.0000	379.06
3965.0000	377.926
3966.0000	376.429
3967.0000	379.572
3968.0000	378.696
3969.0000	379.553
3970.0000	383.975
3971.0000	383.036
3972.0000	383.016
3973.0000	382.48
3974.0000	381.509
3975.0000	382.229
3976.0000	384.54
3977.0000	384.08
3978.0000	380.217
3979.0000	381.132
3980.0000	383.643
3981.0000	382.911
3982.0000	384.54
3983.0000	384.187
3984.0000	381.756
3985.0000	382.703
3986.0000	378.854
3987.0000	376.643
3988.0000	382.845
3989.0000	384.608
3990.0000	382.904
3991.0000	380.865
3992.0000	383.167
3993.0000	384.737
3994.0000	383.158
3995.0000	382.609
3996.0000	380.518
3997.0000	380.99
3998.0000	380.093
3999.0000	380.862
4000.0000	383.845
4001.0000	381.807
4002.0000	378.443
4003.0000	379.831
4004.0000	381.856
4005.0000	382.637
4006.0000	385.398
4007.0000	384.3
4008.0000	380.489
4009.0000	379.919
4010.0000	378.145
4011.0000	379.155
4012.0000	380.691
4013.0000	378.626
4014.0000	378.889
4015.0000	380.512
4016.0000	379.731
4017.0000	378.338
4018.0000	380.472
4019.0000	383.764
4020.0000	383.15
4021.0000	382.75
4022.0000	382.574
4023.0000	381.496
4024.0000	383.851
4025.0000	381.924
4026.0000	381.296
4027.0000	383.908
4028.0000	386.675
4029.0000	387.018
4030.0000	383.955
4031.0000	380.825
4032.0000	380.204
4033.0000	382.44
4034.0000	385.746
4035.0000	382.957
4036.0000	381.692
4037.0000	384.634
4038.0000	382.431
4039.0000	379.892
4040.0000	380.962
4041.0000	382.379
4042.0000	382.083
4043.0000	384.345
4044.0000	386.141
4045.0000	382.627
4046.0000	376.193
4047.0000	376.944
4048.0000	379.669
4049.0000	382.945
4050.0000	384.853
4051.0000	381.901
4052.0000	381.735
4053.0000	382.82
4054.0000	382.503
4055.0000	382.631
4056.0000	383.576
4057.0000	383.228
4058.0000	378.649
4059.0000	377.061
4060.0000	380.129
4061.0000	379.362
4062.0000	381.876
4063.0000	385.178
4064.0000	382.989
4065.0000	383.295
4066.0000	381.967
4067.0000	383.221
4068.0000	383.05
4069.0000	380.538
4070.0000	382.589
4071.0000	382.225
4072.0000	379.836
4073.0000	381.825
4074.0000	380.976
4075.0000	378.069
4076.0000	376.21
4077.0000	376.133
4078.0000	378.405
4079.0000	380.733
4080.0000	380.424
4081.0000	380.229
4082.0000	379.974
4083.0000	379.529
4084.0000	382.408
4085.0000	379.091
4086.0000	378.346
4087.0000	380.462
4088.0000	380.169
4089.0000	380.276
4090.0000	379.896
4091.0000	379.113
4092.0000	376.147
4093.0000	379.245
4094.0000	382.894
4095.0000	382.235
4096.0000	382.11
4097.0000	380.809
4098.0000	381.775
4099.0000	381.12
4100.0000	379.862
4101.0000	381.388
4102.0000	381.68
4103.0000	380.137
4104.0000	378.601
4105.0000	380.89
4106.0000	381.407
4107.0000	379.787
4108.0000	379.874
4109.0000	376.77
4110.0000	379.346
4111.0000	383.041
4112.0000	378.049
4113.0000	378.353
4114.0000	381.698
4115.0000	378.705
4116.0000	376.547
4117.0000	380.758
4118.0000	383.603
4119.0000	380.107
4120.0000	382.092
4121.0000	384.573
4122.0000	381.335
4123.0000	378.974
4124.0000	380.447
4125.0000	383.403
4126.0000	384.018
4127.0000	383.525
4128.0000	384.502
4129.0000	383.759
4130.0000	381.85
4131.0000	379.353
4132.0000	379.881
4133.0000	382.627
4134.0000	382.027
4135.0000	381.68
4136.0000	382.357
4137.0000	383.896
4138.0000	381.787
4139.0000	382.756
4140.0000	381.034
4141.0000	379.188
4142.0000	380.069
4143.0000	380.537
4144.0000	383.631
4145.0000	381.686
4146.0000	379.706
4147.0000	382.155
4148.0000	384.363
4149.0000	381.765
4150.0000	381.459
4151.0000	383.898
4152.0000	382.786
4153.0000	381.231
4154.0000	380.852
4155.0000	378.088
4156.0000	379.584
4157.0000	381.522
4158.0000	381.136
4159.0000	381.864
4160.0000	382.077
4161.0000	383.104
4162.0000	381.379
4163.0000	379.775
4164.0000	381.053
4165.0000	381.346
